374
680
96
735
171
799
353
307
395
908
595
574
222
686
451
523
777
155
901
591
227
921
923
66
653
476
866
817
686
698
742
738
825
262
269
29
869
533
297
452
846
349
581
588
874
110
379
239
517
877
430
171
284
585
720
889
587
987
265
396
175
744
388
510
53
897
339
663
817
710
892
943
969
107
887
485
805
375
57
672
132
460
269
695
824
370
416
683
717
131
976
749
810
45
246
283
51
913
353
458
849
173
333
37
729
651
501
325
575
611
476
26
887
409
302
514
98
748
757
926
285
631
149
332
125
926
546
797
371
66
754
158
14
203
406
763
590
731
786
850
886
311
953
407
949
531
696
890
338
862
200
560
292
996
177
61
146
251
457
146
540
956
56
7
275
888
318
930
202
649
454
247
481
211
658
334
438
156
91
986
645
695
979
405
415
761
239
433
104
655
811
58
707
377
140
177
833
759
329
699
62
28
612
854
909
223
672
616
630
321
997
449
385
27
520
852
692
293
369
402
140
207
842
565
114
867
969
165
243
591
144
231
376
119
112
702
635
613
397
356
679
342
338
948
513
817
525
804
936
0
567
963
757
215
324
304
178
499
752
328
794
162
80
947
163
159
857
383
143
821
794
303
175
89
203
769
608
857
643
127
975
646
343
139
80
825
258
983
123
12
21
651
343
760
487
695
841
120
152
418
79
61
398
543
502
527
616
585
799
211
653
815
427
447
216
497
100
623
969
868
813
520
711
971
739
976
982
151
651
218
643
684
445
279
120
899
119
520
804
712
781
833
760
379
866
488
676
923
950
87
735
322
912
857
841
500
525
761
653
689
510
699
267
598
25
291
637
326
276
974
979
363
17
201
693
811
389
498
446
734
222
438
147
965
683
403
519
139
94
359
973
153
782
585
223
911
657
472
552
164
96
682
179
585
666
815
280
919
500
323
883
102
928
976
256
144
847
331
399
114
930
177
318
272
303
249
736
849
151
841
411
82
802
926
512
513
58
834
810
56
765
355
741
16
844
860
713
622
341
812
925
838
108
372
925
679
556
140
718
45
378
605
513
258
716
408
712
543
475
486
724
960
809
539
788
461
811
52
317
460
217
611
284
443
983
537
936
7
806
986
301
654
879
470
555
103
45
756
91
202
627
287
711
123
84
467
899
75
652
847
722
692
449
883
396
271
91
975
745
743
112
797
111
398
378
393
25
929
837
295
88
669
306
772
723
193
498
106
0
895
934
77
680
277
20
782
358
199
253
618
327
997
140
241
434
151
137
926
133
311
674
12
738
365
67
368
199
50
940
888
470
217
924
952
568
618
80
109
751
891
271
699
213
295
761
30
877
935
546
720
381
94
96
660
651
601
592
994
662
32
473
452
499
93
957
77
978
961
871
181
598
151
778
115
222
887
61
51
668
73
123
743
332
816
593
125
811
216
112
373
566
498
929
316
705
580
626
419
870
150
964
820
369
505
964
62
916
289
288
938
877
233
731
113
264
138
708
326
75
162
552
407
764
814
371
551
535
367
415
158
528
410
468
914
14
975
156
266
356
62
679
500
646
257
921
149
135
795
518
634
351
330
983
334
244
934
952
945
514
500
460
590
44
278
599
819
30
978
201
273
364
414
929
454
364
746
546
287
440
44
42
960
302
654
824
51
817
96
212
115
666
436
788
576
80
116
671
541
627
796
491
253
602
561
772
525
105
919
307
912
453
367
876
464
610
974
787
178
447
521
485
728
669
905
87
435
506
843
88
165
592
765
233
379
808
702
946
249
204
852
740
669
143
65
338
876
623
977
750
920
117
552
767
400
307
218
915
957
380
517
703
101
883
438
679
178
615
417
528
987
603
716
141
786
338
633
369
812
595
266
614
263
516
285
185
920
792
892
417
590
684
192
681
318
603
348
900
344
944
950
381
399
134
223
115
776
127
127
38
577
923
242
717
822
413
853
782
261
584
958
90
892
644
628
237
501
265
662
549
457
573
158
889
835
230
190
296
149
123
646
762
886
317
967
29
357
311
124
306
381
331
434
726
82
720
416
262
40
514
935
573
342
344
920
984
960
245
597
457
11
979
505
867
935
730
487
154
195
813
27
733
455
970
462
461
53
422
524
513
654
4
358
65
723
774
478
95
548
706
249
357
583
522
161
108
55
935
664
144
80
733
365
787
388
690
938
977
589
32
746
112
601
659
468
957
387
51
547
521
115
368
765
12
992
738
890
823
96
339
79
680
384
134
306
902
662
752
813
828
413
896
748
662
115
510
534
331
967
576
997
